0 0 0 0
0 0 0 0
0 0 0 0
0 0 0 0
0 0 0 0
0 0 0 0
0 0 0 0
0 0 0 0
0 0 0 0
0 0 0 0
0 0 0 0
0 0 0 0
0 0 0 0
0 0 0 0
0 0 0 0
0 0 0 0
0 0 0 0
0 0 0 0
0 0 0 0
0 0 0 0
0 0 0 0
0 0 0 0
0 0 0 0
0 0 0 0
0 0 0 0
0 0 0 0
0 0 0 0
0 0 0 0
0 0 0 0
0 0 0 0
0 0 0 0
0 0 0 0
0 0 0 0
0 0 0 0
0 0 0 0
0 0 0 0
0 0 0 0
0 0 0 0
0 0 0 0
0 0 0 0
0 0 0 0
0 0 0 0
0 0 0 0
0 0 0 0
0 0 0 0
0.102 0 1.42 0
0.202 0 1.42 0
0.252 0 1.42 0
0.302 0 1.42 0
0.352 0 1.42 0
0.452 0 1.42 0
0.502 0 1.42 0
0.552 0 1.42 0
0.602 0 1.42 0
0.702 0 1.42 0
0.752 0 1.42 0
0.802 0 1.42 0
0.852 0 1.42 0
0.952 0 1.42 0
1.002 0 1.42 0
1.052 0 1.42 0
1.102 0 1.42 0
1.202 0 1.42 0
1.252 0 1.42 0
1.302 0 1.42 0
1.352 0 1.42 0
1.452 0 1.42 0
1.502 0 1.42 0
1.552 0 1.42 0
1.602 0 1.42 0
1.702 0 1.42 0
1.752 0 1.42 0
1.802 0 1.42 0
1.852 0 1.42 0
1.952 0 1.42 0
2.002 0 1.42 0
2.052 0 1.42 0
2.102 0 1.42 0
2.202 0 1.42 0
2.252 0 1.42 0
2.302 0 1.42 0
2.352 0 1.42 0
2.452 0 1.42 0
2.502 0 1.42 0
2.552 -3 1.42 0
2.602 -3 5.68 -14.19
2.702 -3 32.64 -47.3
2.752 -3 48.25 -52.03
2.802 -3 63.86 -52.03
2.852 -3 79.46 -52.03
2.902 -3 95.07 -52.03
3.002 -3 126.29 -52.03
3.052 -3 141.9 -52.03
3.102 -3 157.51 -52.03
3.152 -3 174.54 -56.76
3.252 -3 205.75 -52.03
3.302 -3 222.78 -56.76
3.352 -3 238.39 -52.03
3.402 -3 255.42 -56.76
3.502 -3 286.64 -52.03
3.552 -3 303.67 -56.76
3.602 -3 319.28 -52.03
3.702 -3 351.91 -52.03
3.752 -3 7.08999999999998 -52.03
3.802 -3 24.12 -56.76
3.852 -3 39.73 -52.03
3.952 -3 70.95 -52.03
4.002 -3 86.56 -52.03
4.052 -3 102.16 -52.03
4.102 -3 117.77 -52.03
4.202 -3 150.41 -56.76
4.252 -3 166.02 -52.03
4.302 -3 181.63 -52.03
4.352 -3 198.66 -56.76
4.452 -3 229.87 -52.03
4.502 -3 246.9 -56.76
4.552 2 262.51 -52.03
4.602 2 265.35 -9.46
4.702 2 249.74 28.38
4.752 2 241.23 28.38
4.802 2 231.29 33.11
4.852 2 221.36 33.11
4.952 2 201.49 33.11
5.002 2 191.56 33.11
5.052 2 181.63 33.11
5.102 2 170.28 37.84
5.202 2 150.41 33.11
5.252 2 140.48 33.11
5.302 2 130.54 33.11
5.352 2 119.19 37.84
5.452 2 99.33 33.11
5.502 2 87.97 37.84
5.552 2 78.04 33.11
5.602 2 66.69 37.84
5.702 2 45.4 37.84
5.752 2 35.47 33.11
5.802 2 25.54 33.11
5.852 2 14.19 37.84
5.952 2 354.75 33.11
6.002 2 343.4 37.84
6.052 2 333.47 33.11
6.102 2 323.53 33.11
6.202 2 302.25 37.84
6.252 2 292.31 33.11
6.302 2 282.38 33.11
6.352 2 272.45 33.11
6.452 2 252.58 33.11
6.502 2 242.65 33.11
6.552 2 232.72 33.11
6.602 1 224.2 28.38
6.702 1 212.85 18.92
6.752 1 208.59 14.19
6.802 1 204.34 14.19
6.852 1 200.08 14.19
6.952 1 191.56 14.19
7.002 1 187.31 14.19
7.052 1 184.47 9.46
7.102 1 178.79 18.92
7.202 1 170.28 14.19
7.252 1 166.02 14.19
7.302 1 161.77 14.19
7.352 1 157.51 14.19
7.452 1 149 14.19
7.502 1 144.74 14.19
7.552 1 140.48 14.19
7.602 1 136.22 14.19
7.702 1 126.29 14.19
7.752 1 122.03 14.19
7.802 1 117.78 14.19
7.852 1 113.52 14.19
7.952 1 103.59 14.19
8.002 1 99.33 14.19
8.052 1 93.65 18.92
8.102 1 89.4 14.19
8.202 1 80.88 14.19
8.252 1 76.63 14.19
8.302 1 70.95 18.92
8.352 1 66.69 14.19
8.452 1 58.18 14.19
8.502 1 52.5 18.92
8.552 1 48.25 14.19
8.602 1 43.99 14.19
8.702 1 34.06 14.19
8.752 1 29.8 14.19
8.802 1 25.54 14.19
8.852 1 21.28 14.19
8.952 1 11.35 14.19
9.002 1 7.1 14.19
9.052 1 2.84 14.19
9.102 1 -2.84 18.92
9.202 1 -11.35 14.19
9.252 1 -15.61 14.19
9.302 1 -19.87 14.19
9.352 1 -24.12 14.19
9.452 1 -34.06 14.19
9.502 1 -38.31 14.19
9.552 1 -42.57 14.19
9.602 1 -46.83 14.19
9.702 1 -55.34 14.19
9.752 1 -59.6 14.19
9.802 1 -63.86 14.19
9.852 1 -68.11 14.19
9.952 1 -76.63 14.19
10.002 1 -80.88 14.19
10.052 1 -85.14 14.19
10.102 1 -87.98 9.46
10.202 1 -96.49 14.19
10.252 1 -100.75 14.19
10.302 1 -105.01 14.19
10.352 1 -109.26 14.19
10.452 1 -117.78 14.19
10.502 1 -120.62 9.46
10.552 -5 -124.87 14.19
10.602 -5 -114.94 -33.11
10.702 -5 -68.11 -80.41
10.752 -5 -41.15 -89.87
10.802 -5 -12.77 -94.6
10.852 -5 14.19 -89.87
10.902 -5 41.15 -89.87
11.002 -5 96.49 -89.87
11.052 -5 123.45 -89.87
11.102 -5 150.41 -89.87
11.202 -5 205.75 -89.87
11.252 -5 234.14 -94.6
11.302 -5 261.1 -89.87
11.352 -5 289.48 -94.6
11.452 -5 344.82 -94.6
11.502 -5 11.35 -89.87
11.552 -5 39.73 -94.6
11.602 -5 66.69 -89.87
11.702 -5 122.03 -94.6
11.752 -5 148.99 -89.87
11.802 -5 175.95 -89.87
11.852 -5 204.33 -94.6
11.902 -5 231.29 -89.87
12.002 -5 286.63 -89.87
12.052 -5 315.01 -94.6
12.102 -5 343.39 -94.6
12.202 -5 36.89 -89.87
12.252 -5 65.27 -94.6
12.302 -5 92.23 -89.87
12.352 -5 119.19 -89.87
12.452 -5 174.53 -89.87
12.502 -5 201.49 -89.87
12.552 -5 229.87 -94.6
12.602 -5 256.83 -89.87
12.702 -5 313.59 -94.6
12.752 -5 340.55 -89.87
12.802 -5 8.49999999999994 -94.6
12.852 -5 35.46 -89.87
12.952 -5 90.7999999999999 -94.6
13.002 -5 117.77 -89.87
13.052 -5 144.73 -89.87
13.102 -5 171.69 -89.87
13.202 -5 227.03 -89.87
13.252 -5 255.41 -94.6
13.302 -5 283.79 -94.6
13.352 -5 310.75 -89.87
13.452 -5 5.66000000000008 -89.87
13.502 -5 34.04 -94.6
13.552 -5 61 -89.87
13.602 -5 87.96 -89.87
13.702 -5 143.3 -94.6
13.752 -5 170.26 -89.87
13.802 -5 197.23 -89.87
13.852 -5 225.61 -94.6
13.952 -5 280.95 -94.6
14.002 -5 309.33 -94.6
14.052 -5 336.29 -89.87
14.102 -5 4.24000000000007 -94.6
14.202 -5 58.1599999999999 -89.87
14.252 -5 86.54 -94.6
14.302 -5 113.5 -89.87
14.352 -5 140.46 -89.87
14.452 -5 195.8 -94.6
14.502 -5 222.76 -89.87
14.552 -5 251.14 -94.6
14.602 -1 272.43 -70.95
14.702 -1 289.46 -23.65
14.752 -1 295.13 -18.92
14.802 -1 299.39 -14.19
