0.052 0 -1.42 4.73
0.102 0 -1.42 0
0.152 0 -1.42 0
0.202 0 -1.42 0
0.252 0 -1.42 0
0.302 0 -1.42 0
0.352 0 -1.42 0
0.402 0 -1.42 0
0.452 0 -1.42 0
0.502 0 -1.42 0
0.552 0 -1.42 0
0.602 0 -1.42 0
0.652 0 -1.42 0
0.702 0 -1.42 0
0.752 0 -1.42 0
0.802 0 -1.42 0
0.852 0 -1.42 0
0.902 0 -1.42 0
0.952 0 -1.42 0
1.002 0 -1.42 0
1.052 0 -1.42 0
1.102 0 -1.42 0
1.152 0 -1.42 0
1.202 0 -1.42 0
1.252 0 -1.42 0
1.302 0 -1.42 0
1.352 0 -1.42 0
1.402 0 -1.42 0
1.452 0 -1.42 0
1.502 0 -1.42 0
1.552 0 -1.42 0
1.602 0 -1.42 0
1.652 0 -1.42 0
1.702 0 -1.42 0
1.752 0 -1.42 0
1.802 0 -1.42 0
1.852 0 -1.42 0
1.902 0 -1.42 0
1.952 2 -1.42 0
2.002 2 -5.68 14.19
2.052 2 -12.77 23.65
2.102 2 -22.7 33.11
2.152 2 -32.64 33.11
2.202 2 -43.99 37.84
2.252 2 -53.92 33.11
2.302 2 -65.27 37.84
2.352 2 -75.21 33.11
2.402 2 -85.14 33.11
2.452 2 -95.07 33.11
2.502 2 -106.42 37.84
2.552 2 -116.36 33.11
2.602 2 -126.29 33.11
2.652 2 -136.22 33.11
2.702 2 -146.16 33.11
2.752 2 -157.51 37.84
2.802 2 -167.44 33.11
2.852 2 -177.37 33.11
2.902 2 -187.31 33.11
2.952 2 -197.24 33.11
3.002 2 -207.17 33.11
3.052 2 -217.11 33.11
3.102 2 -227.04 33.11
3.152 2 -236.97 33.11
3.202 2 -246.91 33.11
3.252 2 -256.84 33.11
3.302 2 -266.77 33.11
3.352 2 -276.7 33.11
3.402 2 -288.06 37.84
3.452 2 -297.99 33.11
3.502 2 -307.92 33.11
3.552 2 -319.28 37.84
3.602 2 -329.21 33.11
3.652 2 -340.56 37.84
3.702 2 -350.49 33.11
3.752 2 0 33.11
3.802 2 -11.35 37.84
3.852 2 -21.28 33.11
3.902 2 -32.63 37.84
3.952 0 -42.57 33.11
4.002 0 -48.24 18.92
4.052 0 -49.66 4.73
4.102 0 -49.66 0
4.152 0 -49.66 0
4.202 0 -49.66 0
4.252 0 -49.66 0
4.302 0 -49.66 0
4.352 0 -49.66 0
4.402 0 -49.66 0
4.452 0 -49.66 0
4.502 0 -49.66 0
4.552 0 -49.66 0
4.602 0 -49.66 0
4.652 0 -49.66 0
4.702 0 -49.66 0
4.752 0 -49.66 0
4.802 0 -49.66 0
4.852 0 -49.66 0
4.902 0 -49.66 0
4.952 0 -49.66 0
5.002 0 -49.66 0
5.052 0 -49.66 0
5.102 0 -49.66 0
5.152 0 -49.66 0
5.202 0 -49.66 0
5.252 0 -49.66 0
5.302 0 -49.66 0
5.352 0 -49.66 0
5.402 0 -49.66 0
5.452 0 -49.66 0
5.502 0 -49.66 0
5.552 0 -49.66 0
5.602 0 -49.66 0
5.652 0 -49.66 0
5.702 0 -49.66 0
5.752 0 -49.66 0
5.802 0 -49.66 0
5.852 0 -49.66 0
5.902 0 -49.66 0
5.952 0 -49.66 0
6.002 2 -52.5 9.46
6.052 2 -59.59 23.65
6.102 2 -69.53 33.11
6.152 2 -79.46 33.11
6.202 2 -89.39 33.11
6.252 2 -100.75 37.84
6.302 2 -110.68 33.11
6.352 0 -116.35 18.92
6.402 2 -120.61 14.19
6.452 2 -127.71 23.65
6.502 2 -137.64 33.11
6.552 2 -146.15 28.38
6.602 2 -156.09 33.11
6.652 2 -166.02 33.11
6.702 2 -175.95 33.11
6.752 2 -185.89 33.11
6.802 2 -195.82 33.11
6.852 2 -207.17 37.84
6.902 2 -217.1 33.11
6.952 2 -227.04 33.11
7.002 2 -236.97 33.11
7.052 2 -246.9 33.11
7.102 2 -256.83 33.11
7.152 2 -266.77 33.11
7.202 2 -278.12 37.84
7.252 2 -288.05 33.11
7.302 2 -297.99 33.11
7.352 2 -307.92 33.11
7.402 2 -319.27 37.84
7.452 2 -329.2 33.11
7.502 2 -340.56 37.84
7.552 2 -350.49 33.11
7.602 2 -360.42 33.11
7.652 2 -11.34 37.84
7.702 2 -21.28 33.11
7.752 2 -32.63 37.84
7.802 2 -42.5599999999999 33.11
7.852 2 -52.5 33.11
7.902 2 -63.85 37.84
7.952 2 -73.78 33.11
8.002 -6 -76.62 9.46
8.052 -6 -58.17 -61.49
8.102 -6 -31.21 -89.87
8.152 -6 -360.42 -104.06
8.202 -6 -327.79 -108.79
8.252 -6 -295.15 -108.79
8.302 -6 -262.51 -108.79
8.352 -6 -229.87 -108.79
8.402 -6 -195.82 -113.52
8.452 -6 -163.18 -108.79
8.502 -6 -129.13 -113.52
8.552 -6 -96.49 -108.79
8.602 -6 -62.43 -113.52
8.652 -6 -29.8 -108.79
8.702 -6 -357.59 -108.79
8.752 -6 -324.95 -108.79
8.802 -6 -290.89 -113.52
8.852 -6 -258.26 -108.79
8.902 -6 -225.62 -108.79
8.952 -6 -191.56 -113.52
9.002 -6 -158.93 -108.79
9.052 -6 -124.87 -113.52
9.102 -6 -92.23 -108.79
9.152 -6 -58.18 -113.52
9.202 -6 -25.54 -108.79
9.252 -6 7.1 -108.79
9.302 -6 41.15 -113.52
9.352 -6 73.79 -108.79
9.402 -6 106.42 -108.79
9.452 -6 139.06 -108.79
9.502 -6 173.12 -113.52
9.552 -6 207.17 -113.52
9.602 -6 239.81 -108.79
9.652 -6 273.87 -113.52
9.702 -6 306.5 -108.79
9.752 -6 339.14 -108.79
9.802 -6 12.77 -113.52
9.852 -6 45.4 -108.79
9.902 -6 78.04 -108.79
9.952 -6 112.1 -113.52
10.002 -3 140.48 -94.6
10.052 -3 164.6 -80.41
10.102 -3 183.05 -61.49
10.152 -3 201.49 -61.49
10.202 -3 217.1 -52.03
10.252 -3 234.13 -56.76
10.302 -3 249.74 -52.03
10.352 -3 265.35 -52.03
10.402 -3 282.38 -56.76
10.452 -3 297.99 -52.03
10.502 -3 313.59 -52.03
10.552 -3 329.2 -52.03
10.602 -3 344.81 -52.03
10.652 -3 360.42 -52.03
10.702 -3 15.6 -52.03
10.752 -3 31.21 -52.03
10.802 -3 46.8199999999999 -52.03
10.852 -3 62.43 -52.03
10.902 -3 78.04 -52.03
10.952 -3 95.0699999999999 -56.76
11.002 -3 110.67 -52.03
11.052 -3 126.28 -52.03
11.102 -3 143.31 -56.76
11.152 -3 158.92 -52.03
11.202 -3 174.53 -52.03
11.252 -3 191.56 -56.76
11.302 -3 207.17 -52.03
11.352 -3 222.77 -52.03
11.402 -3 239.8 -56.76
11.452 -3 255.41 -52.03
11.502 -3 271.02 -52.03
11.552 -3 288.05 -56.76
11.602 -3 303.66 -52.03
11.652 -3 319.27 -52.03
11.702 -3 334.88 -52.03
11.752 -3 350.49 -52.03
11.802 -3 5.66000000000003 -52.03
11.852 -3 21.2699999999999 -52.03
11.902 -3 36.8800000000001 -52.03
11.952 0 52.49 -52.03
12.002 0 61.0099999999999 -28.38
12.052 0 63.8400000000001 -9.46
12.102 0 63.8400000000001 0
12.152 0 63.8400000000001 0
12.202 0 63.8400000000001 0
12.252 0 63.8400000000001 0
12.302 0 63.8400000000001 0
12.352 0 63.8400000000001 0
12.402 0 63.8400000000001 0
12.452 0 63.8400000000001 0
12.502 0 63.8400000000001 0
12.552 0 63.8400000000001 0
12.602 0 63.8400000000001 0
12.652 0 63.8400000000001 0
12.702 0 63.8400000000001 0
12.752 0 63.8400000000001 0
12.802 0 63.8400000000001 0
12.852 0 63.8400000000001 0
12.902 0 63.8400000000001 0
12.952 0 63.8400000000001 0
13.002 0 63.8400000000001 0
13.052 0 63.8400000000001 0
13.102 0 63.8400000000001 0
13.152 0 63.8400000000001 0
13.202 0 63.8400000000001 0
13.252 0 63.8400000000001 0
13.302 0 63.8400000000001 0
13.352 0 63.8400000000001 0
13.402 0 63.8400000000001 0
13.452 0 63.8400000000001 0
13.502 0 63.8400000000001 0
13.552 0 63.8400000000001 0
13.602 0 63.8400000000001 0
13.652 0 63.8400000000001 0
13.702 0 63.8400000000001 0
13.752 0 63.8400000000001 0
13.802 0 63.8400000000001 0
13.852 0 63.8400000000001 0
13.902 0 63.8400000000001 0
13.952 -5 63.8400000000001 0
14.002 -5 73.7799999999999 -33.11
14.052 -5 95.0599999999999 -70.95
14.102 -5 120.6 -85.14
14.152 -5 147.56 -89.87
14.202 -5 174.53 -89.87
14.252 -5 202.91 -94.6
14.302 -5 229.87 -89.87
14.352 -5 258.25 -94.6
14.402 -5 285.21 -89.87
14.452 -5 312.17 -89.87
14.502 -5 340.55 -94.6
14.552 -5 7.07999999999993 -89.87
14.602 -5 34.04 -89.87
14.652 -5 61 -89.87
14.702 -5 89.3799999999999 -94.6
14.752 -5 116.34 -89.87
14.802 -5 143.3 -89.87
14.852 -5 171.68 -94.6
14.902 -5 200.06 -94.6
14.952 -5 227.02 -89.87
15.002 -5 255.4 -94.6
15.052 -5 282.37 -89.87
15.102 -5 309.33 -89.87
15.152 -5 337.71 -94.6
15.202 -5 4.24000000000007 -89.87
15.252 -5 31.1999999999999 -89.87
15.302 -5 58.1599999999999 -89.87
15.352 -5 86.54 -94.6
15.402 -5 113.5 -89.87
15.452 -5 141.88 -94.6
15.502 -5 168.84 -89.87
15.552 -5 197.22 -94.6
15.602 -5 224.18 -89.87
15.652 -5 252.56 -94.6
15.702 -5 279.52 -89.87
15.752 -5 307.9 -94.6
15.802 -5 334.86 -89.87
15.852 -5 1.39999999999998 -89.87
15.902 -5 28.36 -89.87
15.952 -5 56.7400000000001 -94.6
16.002 4 76.5999999999998 -66.22
16.052 4 70.9300000000002 18.92
16.102 4 55.3200000000001 52.03
16.152 4 36.8699999999998 61.49
16.202 4 15.59 70.95
16.252 4 354.73 70.95
16.302 4 332.03 75.68
16.352 4 310.74 70.95
16.402 4 289.46 70.95
16.452 4 266.75 75.68
16.502 4 245.47 70.95
16.552 4 224.18 70.95
16.602 4 202.9 70.95
16.652 4 180.19 75.68
16.702 4 158.91 70.95
16.752 4 137.62 70.95
16.802 4 116.34 70.95
16.852 4 95.05 70.95
16.902 4 73.77 70.95
16.952 4 51.06 75.68
17.002 4 29.78 70.95
17.052 4 8.49000000000007 70.95
17.102 4 346.22 75.68
17.152 4 324.94 70.95
17.202 4 302.23 75.68
17.252 4 280.95 70.95
17.302 4 259.66 70.95
17.352 4 236.96 75.68
17.402 4 215.67 70.95
17.452 4 194.39 70.95
17.502 4 173.1 70.95
17.552 4 151.82 70.95
17.602 4 130.53 70.95
17.652 4 109.25 70.95
17.702 4 86.54 75.68
17.752 4 65.26 70.95
17.802 4 43.97 70.95
17.852 4 21.27 75.68
17.902 4 360.41 70.95
17.952 4 339.13 70.95
18.002 5 315.01 80.41
18.052 5 289.46 85.14
18.102 5 262.5 89.87
18.152 5 235.54 89.87
18.202 5 208.58 89.87
18.252 5 181.62 89.87
18.302 5 154.66 89.87
18.352 5 127.7 89.87
18.402 5 100.74 89.87
18.452 5 72.3600000000001 94.6
18.502 5 45.4 89.87
18.552 5 18.44 89.87
18.602 5 350.49 94.6
18.652 5 323.52 89.87
18.702 5 295.14 94.6
18.752 5 268.18 89.87
18.802 5 239.8 94.6
18.852 5 212.84 89.87
18.902 5 185.88 89.87
18.952 5 158.92 89.87
19.002 5 131.96 89.87
19.052 5 103.58 94.6
19.102 5 76.62 89.87
19.152 5 49.66 89.87
19.202 5 22.6999999999999 89.87
19.252 5 354.75 94.6
19.302 5 327.79 89.87
19.352 5 299.41 94.6
19.402 5 272.44 89.87
19.452 5 244.06 94.6
19.502 5 217.1 89.87
19.552 5 190.14 89.87
19.602 5 163.18 89.87
19.652 5 136.22 89.87
19.702 5 107.84 94.6
19.752 5 80.88 89.87
19.802 5 53.92 89.87
19.852 5 26.96 89.87
19.902 5 359.01 94.6
19.952 5 332.05 89.87
20.002 0 307.92 80.41
20.052 0 297.99 33.11
20.102 0 295.15 9.46
20.152 0 295.15 0
20.202 0 295.15 0
20.252 0 295.15 0
20.302 0 295.15 0
20.352 0 295.15 0
20.402 0 295.15 0
20.452 0 295.15 0
20.502 0 295.15 0
20.552 0 295.15 0
20.602 0 295.15 0
20.652 0 295.15 0
20.702 0 295.15 0
20.752 0 295.15 0
20.802 0 295.15 0
20.852 0 295.15 0
20.902 0 295.15 0
20.952 0 295.15 0
21.002 0 295.15 0
21.052 0 295.15 0
21.102 0 295.15 0
21.152 0 295.15 0
21.202 0 295.15 0
21.252 0 295.15 0
21.302 0 295.15 0
21.352 0 295.15 0
21.402 0 295.15 0
21.452 0 295.15 0
21.502 0 295.15 0
21.552 0 295.15 0
21.602 0 295.15 0
21.652 0 295.15 0
21.702 0 295.15 0
21.752 0 295.15 0
21.802 0 295.15 0
21.852 0 295.15 0
21.902 0 295.15 0
21.952 -3 295.15 0
22.002 -3 300.83 -18.92
22.052 -3 313.6 -42.57
22.102 -3 327.79 -47.3
22.152 -3 343.4 -52.03
22.202 -3 359.01 -52.03
22.252 -3 14.19 -52.03
22.302 -3 29.8 -52.03
22.352 -3 45.4 -52.03
22.402 -3 61.01 -52.03
22.452 -3 76.62 -52.03
22.502 -3 92.23 -52.03
22.552 -3 107.84 -52.03
22.602 -3 124.87 -56.76
22.652 -3 140.48 -52.03
22.702 -3 156.09 -52.03
22.752 -3 173.11 -56.76
22.802 -3 188.72 -52.03
22.852 -3 204.33 -52.03
22.902 -3 221.36 -56.76
22.952 -3 236.97 -52.03
23.002 -3 254 -56.76
23.052 -3 269.61 -52.03
23.102 -3 285.21 -52.03
23.152 -3 300.82 -52.03
23.202 -3 316.43 -52.03
23.252 -3 332.04 -52.03
23.302 -3 347.65 -52.03
23.352 -3 2.83000000000004 -52.03
23.402 -3 18.4399999999999 -52.03
23.452 -3 35.47 -56.76
23.502 -3 51.08 -52.03
23.552 -3 65.27 -47.3
23.602 -3 82.29 -56.76
23.652 -3 97.9 -52.03
23.702 -3 113.51 -52.03
23.752 -3 129.12 -52.03
23.802 -3 146.15 -56.76
23.852 -3 161.76 -52.03
23.902 -3 178.79 -56.76
23.952 -3 194.39 -52.03
24.002 3 202.91 -28.38
24.052 3 195.81 23.65
24.102 3 184.46 37.84
24.152 3 170.27 47.3
24.202 3 154.66 52.03
24.252 3 139.05 52.03
24.302 3 123.45 52.03
24.352 3 107.84 52.03
24.402 3 92.23 52.03
24.452 3 75.1999999999999 56.76
24.502 3 59.59 52.03
24.552 3 43.98 52.03
24.602 3 28.37 52.03
24.652 3 11.34 56.76
24.702 3 356.17 52.03
24.752 3 340.56 52.03
24.802 3 323.53 56.76
24.852 3 307.92 52.03
24.902 3 292.31 52.03
24.952 3 276.7 52.03
25.002 3 259.67 56.76
25.052 3 244.06 52.03
25.102 3 228.45 52.03
25.152 3 212.85 52.03
25.202 3 197.24 52.03
25.252 3 180.21 56.76
25.302 3 164.6 52.03
25.352 3 148.99 52.03
25.402 3 133.38 52.03
25.452 3 117.77 52.03
25.502 3 102.16 52.03
25.552 3 86.56 52.03
25.602 3 70.95 52.03
25.652 3 55.34 52.03
25.702 3 38.31 56.76
25.752 3 22.7 52.03
25.802 3 7.08999999999998 52.03
25.852 3 350.49 56.76
25.902 3 334.88 52.03
25.952 -5 319.28 52.03
26.002 -5 320.69 -4.73
26.052 -5 339.14 -61.49
26.102 -5 2.82999999999998 -80.41
26.152 -5 29.8 -89.87
26.202 -5 55.34 -85.14
26.252 -5 82.3 -89.87
26.302 -5 110.68 -94.6
26.352 -5 137.64 -89.87
26.402 -5 166.02 -94.6
26.452 -5 192.98 -89.87
26.502 -5 221.36 -94.6
26.552 -5 248.32 -89.87
26.602 -5 276.7 -94.6
26.652 -5 303.66 -89.87
26.702 -5 330.62 -89.87
26.752 -5 357.58 -89.87
26.802 -5 24.12 -89.87
26.852 -5 52.5 -94.6
26.902 -5 79.46 -89.87
26.952 -5 106.42 -89.87
27.002 -5 134.8 -94.6
27.052 -5 161.76 -89.87
27.102 -5 190.14 -94.6
27.152 -5 217.1 -89.87
27.202 -5 245.48 -94.6
27.252 -5 272.44 -89.87
27.302 -5 300.82 -94.6
27.352 -5 327.78 -89.87
27.402 -5 354.74 -89.87
27.452 -5 21.2699999999999 -89.87
27.502 -5 49.65 -94.6
27.552 -5 76.6100000000001 -89.87
27.602 -5 103.58 -89.87
27.652 -5 130.54 -89.87
27.702 -5 158.92 -94.6
27.752 -5 185.88 -89.87
27.802 -5 214.26 -94.6
27.852 -5 242.64 -94.6
27.902 -5 269.6 -89.87
27.952 -5 296.56 -89.87
28.002 4 313.59 -56.76
28.052 4 306.49 23.65
28.102 4 289.46 56.76
28.152 4 269.6 66.22
28.202 4 248.31 70.95
28.252 4 227.03 70.95
28.302 4 205.74 70.95
28.352 4 184.46 70.95
28.402 4 163.17 70.95
28.452 4 141.89 70.95
28.502 4 120.6 70.95
28.552 4 99.3199999999999 70.95
28.602 4 78.0299999999999 70.95
28.652 4 55.3299999999999 75.68
28.702 4 34.0399999999999 70.95
28.752 4 11.3400000000001 75.68
28.802 4 350.49 70.95
28.852 4 329.2 70.95
28.902 4 306.5 75.68
28.952 4 285.21 70.95
29.002 4 263.93 70.95
29.052 4 241.22 75.68
29.102 4 219.94 70.95
29.152 4 198.65 70.95
29.202 4 177.37 70.95
29.252 4 156.08 70.95
29.302 4 134.8 70.95
29.352 4 113.51 70.95
29.402 4 90.8099999999999 75.68
29.452 4 69.52 70.95
29.502 4 48.24 70.95
29.552 4 26.9499999999999 70.95
29.602 4 4.25 75.68
29.652 4 343.39 70.95
29.702 4 320.69 75.68
29.752 4 299.41 70.95
29.802 4 278.12 70.95
29.852 4 255.42 75.68
29.902 4 234.13 70.95
29.952 4 212.85 70.95
30.002 -6 208.59 14.19
30.052 -6 228.45 -66.22
30.102 -6 256.83 -94.6
30.152 -6 288.05 -104.06
30.202 -6 320.69 -108.79
30.252 -6 353.33 -108.79
30.302 -6 25.53 -108.79
30.352 -6 58.17 -108.79
30.402 -6 90.8099999999999 -108.79
30.452 -6 124.86 -113.52
30.502 -6 157.5 -108.79
30.552 -6 191.56 -113.52
30.602 -6 224.19 -108.79
30.652 -6 258.25 -113.52
30.702 -6 290.89 -108.79
30.752 -6 324.94 -113.52
30.802 -6 357.58 -108.79
30.852 -6 29.7899999999999 -108.79
30.902 -6 62.42 -108.79
30.952 -6 95.0599999999999 -108.79
31.002 -6 129.12 -113.52
31.052 -6 161.75 -108.79
31.102 -6 195.81 -113.52
31.152 -6 228.45 -108.79
31.202 -6 262.5 -113.52
31.252 -6 295.14 -108.79
31.302 -6 327.78 -108.79
31.352 -6 1.39999999999986 -113.52
31.402 -6 34.04 -108.79
